234
13
235
23
123
43
23
43
34
234
13
235
23
123
43
23
43
34
234
13
235
23
123
43
23
43
34
234
13
235
23
123
43
23
43
34
234
13
235
23
123
43
23
43
34
234
13
235
23
123
43
23
43
34
234
13
235
23
123
43
23
43
34
234
13
235
23
123
43
23
43
34
234
13
235
23
123
43
23
43
34
234
13
235
23
123
43
23
43
34
234
13
235
23
123
43
23
43
34
234
13
235
23
123
43
23
43
34
234
13
235
23
123
43
23
43
34
234
13
235
23
123
43
23
43
34
234
13
235
23
123
43
23
43
34
234
13
235
23
123
43
23
43
34
234
13
235
23
123
43
23
43
34
234
13
235
23
123
43
23
43
34
234
13
235
23
123
43
23
43
34
234
13
235
23
123
43
23
43
34
234
13
235
23
123
43
23
43
34
234
13
235
23
123
43
23
43
34
234
13
235
23
123
43
23
43
34
234
13
235
23
123
43
23
43
34
234
13
235
23
123
43
23
43
34
234
13
235
23
123
43
23
43
34
234
13
235
23
123
43
23
43
34
234
13
235
23
123
43
23
43
34
234
13
235
23
123
43
23
43
34
234
13
235
23
123
43
23
43
34
234
13
235
23
123
43
23
43
34
234
13
235
23
123
43
23
43
34
234
13
235
23
123
43
23
43
34
234
13
235
23
123
43
23
43
34
234
13
235
23
123
43
23
43
34
234
13
235
23
123
43
23
43
34
234
13
235
23
123
43
23
43
34
234
13
235
23
123
43
23
43
34
234
13
235
23
123
43
23
43
34
234
13
235
23
123
43
23
43
34
234
13
235
23
123
43
23
43
34
234
13
235
23
123
43
23
43
34
234
13
235
23
123
43
23
43
34
234
13
235
23
123
43
23
43
34
234
13
235
23
123
43
23
43
34
234
13
235
23
123
43
23
43
34
234
13
235
23
123
43
23
43
34
234
13
235
23
123
43
23
43
34
234
13
235
23
123
43
23
43
34
234
13
235
23
123
43
23
43
34
234
13
235
23
123
43
23
43
34
234
13
235
23
123
43
23
43
34
234
13
235
23
123
43
23
43
34
234
13
235
23
123
43
23
43
34
234
13
235
23
123
43
23
43
34
234
13
235
23
123
43
23
43
34
234
13
235
23
123
43
23
43
34
234
13
235
23
123
43
23
43
34
234
13
235
23
123
43
23
43
34
234
13
235
23
123
43
23
43
34
234
13
235
23
123
43
23
43
34
234
13
235
23
123
43
23
43
34
234
13
235
23
123
43
23
43
34
234
13
235
23
123
43
23
43
34
234
13
235
23
123
43
23
43
34
234
13
235
23
123
43
23
43
34
234
13
235
23
123
43
23
43
34
234
13
235
23
123
43
23
43
34
234
13
235
23
123
43
23
43
34
234
13
235
23
123
43
23
43
34
234
13
235
23
123
43
23
43
34
234
13
235
23
123
43
23
43
34
234
13
235
23
123
43
23
43
34
234
13
235
23
123
43
23
41
312
234
13
235
23
123
1
23
43
34
234
13
235
23
123
43
23
43
34
234
13
-235
23
123
43
23
0
34
234
13
235
23
123
43
23
43
34
234
13
235
23
123
43
23
43
34
234
11
235
23
1221
43
23
423
34
2234
13
235
23
123
43
23
43
34